1234544827
45439
94485
72198
80992
8880
40961
58765
46561
13418
41954
46782
92730
89229
25646
74288
25945
39876
8498
34684
62316
71331
59717
76893
44091
73241
19242
17476
39566
81293
25857
74343
39410
5505
27104
54003
23501
21110
88399
49740
31552
39998
19755
64624
37817
43427
15115
44327
7715
15248
61895
54759
54270
51332
63481
12362
94476
87810
6027
47551
79498
81226
4256
62734
25666
14781
21412
55205
65516
53535
4437
43442
91308
1312
36268
34289
46384
18097
9401
54249
29247
13115
23053
3875
16044
